# GIMP colorrc
# 
# This file holds a list of recently used colors.

(color-history
    (color-rgba 0.036363636363636154 0 1 1)
    (color-rgba 1 1 1 1)
    (color-rgba 0 0.12727272727272698 1 1)
    (color-rgba 1 0 0 1)
    (color-rgba 0.38039215686274508 0 0 1)
    (color-rgba 1 0.68627450980392157 0.68627450980392157 1)
    (color-rgba 0.36363636363636365 0.21476510067114096 0.21476510067114096 1)
    (color-rgba 0 0 0 1)
    (color-rgba 0.36470588235294116 0.21568627450980393 0.21568627450980393 4.659379368581847e-310)
    (color-rgba 0.55454545454545456 0 0 1)
    (color-rgba 0.84545454545454546 0.079438682123245855 0.079438682123245855 1)
    (color-rgba 0 0 0 4.6654426816390227e-310)
    (color-rgba 1 1 1 4.682801972597238e-310)
    (color-rgba 0.77254901960784317 0.17647058823529413 0.17647058823529413 4.6828020247444835e-310)
    (color-rgba 0.66274500000000003 0.53333299999999995 0.47450999999999999 1)
    (color-rgba 0.77254900000000004 0.17647099999999999 0.17647099999999999 1)
    (color-rgba 0 1 0 1)
    (color-rgba 0.0039220000000000001 0.39607799999999999 0.20000000000000001 1)
    (color-rgba 0.086275000000000004 0.388235 0.117647 1)
    (color-rgba 0.18431400000000001 0.20392199999999999 0.247059 1)
    (color-rgba 0.64313699999999996 0.60784300000000002 0.556863 1)
    (color-rgba 0.63529400000000003 0.53725500000000004 0.52549000000000001 1)
    (color-rgba 0.584314 0.53725500000000004 0.54509799999999997 1)
    (color-rgba 0.77647100000000002 0.596078 0.54117599999999999 1)
    (color-rgba 0.623529 0.61568599999999996 0.60392199999999996 1)
    (color-rgba 0.64705900000000005 0.65882399999999997 0.66274500000000003 1)
    (color-rgba 0.63529400000000003 0.65490199999999998 0.67843100000000001 1)
    (color-rgba 0.25097999999999998 0.270588 0.32156899999999999 1)
    (color-rgba 0.039216000000000001 0.168627 0.24313699999999999 1)
    (color-rgba 0.0039220000000000001 0.090195999999999998 0.13725499999999999 1)
    (color-rgba 0.070587999999999998 0.070587999999999998 0.070587999999999998 1)
    (color-rgba 0.29411799999999999 0.30980400000000002 0.41176499999999999 1)
    (color-rgba 0.58823499999999995 0.50196099999999999 0.45097999999999999 1)
    (color-rgba 0.207843 0.13333300000000001 0.117647 1)
    (color-rgba 0.72156900000000002 0.63529400000000003 0.584314 1)
    (color-rgba 0.70588200000000001 0.62745099999999998 0.584314 1)
    (color-rgba 0.60392199999999996 0.52549000000000001 0.49803900000000001 1)
    (color-rgba 0.67058799999999996 0.59215700000000004 0.54901999999999995 1)
    (color-rgba 0.85882400000000003 0.82745100000000005 0.74509800000000004 1)
    (color-rgba 0.98431400000000002 0.98039200000000004 0.99215699999999996 1)
    (color-rgba 0.92941200000000002 0.93333299999999997 0.91372500000000001 1)
    (color-rgba 0.105882 0.95686300000000002 0.99607800000000002 1)
    (color-rgba 0.039216000000000001 0.32941199999999998 0.51372499999999999 1)
    (color-rgba 0.13333300000000001 0.80000000000000004 0.97647099999999998 1)
    (color-rgba 0.88627500000000003 0.219608 0.219608 1)
    (color-rgba 0.031372999999999998 0.32156899999999999 0.49803900000000001 1)
    (color-rgba 0.086275000000000004 0.24313699999999999 0.84313700000000003 1)
    (color-rgba 0.084982000000000002 0.242733 0.84415600000000002 1)
    (color-rgba 0.90588199999999997 0.92549000000000003 0.90196100000000001 1)
    (color-rgba 1 0.89932900000000005 0.89932900000000005 1)
    (color-rgba 0.965368 0.965368 0.965368 1)
    (color-rgba 0.096690999999999999 0.26370199999999999 0.90043300000000004 1)
    (color-rgba 0 1 0.12987000000000001 1)
    (color-rgba 0.42745100000000003 0.42745100000000003 0.42745100000000003 1)
    (color-rgba 0.36078399999999999 0.35795500000000002 0.35795500000000002 1)
    (color-rgba 0.026759000000000002 0.56862699999999999 0 1)
    (color-rgba 0 0 1 1))

# end of colorrc
