# GIMP devicerc

(GimpDeviceInfo "Core Pointer"
    (icon-name "gimp-cursor")
    (name "Core Pointer")
    (tool-options "GimpRegionSelectOptions"
        (tool "gimp-fuzzy-select-tool")
        (operation add))
    (use-fg-bg no)
    (use-opacity-paint-mode no)
    (use-brush no)
    (use-dynamics no)
    (use-mypaint-brush no)
    (use-gradient no)
    (use-pattern no)
    (use-palette no)
    (use-font no)
    (mode screen)
    (axes 2 x y)
    (keys 0)
    (pressure-curve
        (curve-type smooth)
        (points 4 0 0 1 1)
        (point-types 2 smooth smooth)
        (n-samples 256)
        (samples 256 0 0.0039220000000000001 0.0078429999999999993 0.011764999999999999 0.015685999999999999 0.019608 0.023529000000000001 0.027451 0.031372999999999998 0.035293999999999999 0.039216000000000001 0.043137000000000002 0.047058999999999997 0.050979999999999998 0.054901999999999999 0.058824000000000001 0.062744999999999995 0.066667000000000004 0.070587999999999998 0.074510000000000007 0.078431000000000001 0.082352999999999996 0.086275000000000004 0.090195999999999998 0.094117999999999993 0.098039000000000001 0.101961 0.105882 0.109804 0.11372500000000001 0.117647 0.121569 0.12548999999999999 0.129412 0.13333300000000001 0.13725499999999999 0.141176 0.145098 0.14902000000000001 0.15294099999999999 0.156863 0.16078400000000001 0.16470599999999999 0.168627 0.17254900000000001 0.17647099999999999 0.180392 0.18431400000000001 0.18823500000000001 0.19215699999999999 0.196078 0.20000000000000001 0.20392199999999999 0.207843 0.21176500000000001 0.21568599999999999 0.219608 0.22352900000000001 0.22745099999999999 0.231373 0.235294 0.23921600000000001 0.24313699999999999 0.247059 0.25097999999999998 0.25490200000000002 0.258824 0.26274500000000001 0.26666699999999999 0.270588 0.27450999999999998 0.27843099999999998 0.28235300000000002 0.286275 0.29019600000000001 0.29411799999999999 0.298039 0.30196099999999998 0.30588199999999999 0.30980400000000002 0.31372499999999998 0.31764700000000001 0.32156899999999999 0.32549 0.32941199999999998 0.33333299999999999 0.33725500000000003 0.34117599999999998 0.34509800000000002 0.34902 0.352941 0.35686299999999999 0.36078399999999999 0.36470599999999997 0.36862699999999998 0.37254900000000002 0.376471 0.38039200000000001 0.38431399999999999 0.388235 0.39215699999999998 0.39607799999999999 0.40000000000000002 0.403922 0.40784300000000001 0.41176499999999999 0.415686 0.41960799999999998 0.42352899999999999 0.42745100000000003 0.43137300000000001 0.43529400000000001 0.439216 0.443137 0.44705899999999998 0.45097999999999999 0.45490199999999997 0.45882400000000001 0.46274500000000002 0.466667 0.47058800000000001 0.47450999999999999 0.478431 0.48235299999999998 0.48627500000000001 0.49019600000000002 0.494118 0.49803900000000001 0.50196099999999999 0.50588200000000005 0.50980400000000003 0.51372499999999999 0.51764699999999997 0.52156899999999995 0.52549000000000001 0.52941199999999999 0.53333299999999995 0.53725500000000004 0.54117599999999999 0.54509799999999997 0.54901999999999995 0.55294100000000002 0.556863 0.56078399999999995 0.56470600000000004 0.56862699999999999 0.57254899999999997 0.57647099999999996 0.58039200000000002 0.584314 0.58823499999999995 0.59215700000000004 0.596078 0.59999999999999998 0.60392199999999996 0.60784300000000002 0.611765 0.61568599999999996 0.61960800000000005 0.623529 0.62745099999999998 0.63137299999999996 0.63529400000000003 0.63921600000000001 0.64313699999999996 0.64705900000000005 0.65098 0.65490199999999998 0.65882399999999997 0.66274500000000003 0.66666700000000001 0.67058799999999996 0.67451000000000005 0.67843100000000001 0.68235299999999999 0.68627499999999997 0.69019600000000003 0.69411800000000001 0.69803899999999997 0.70196099999999995 0.70588200000000001 0.70980399999999999 0.71372500000000005 0.71764700000000003 0.72156900000000002 0.72548999999999997 0.72941199999999995 0.73333300000000001 0.73725499999999999 0.74117599999999995 0.74509800000000004 0.74902000000000002 0.75294099999999997 0.75686299999999995 0.76078400000000002 0.764706 0.76862699999999995 0.77254900000000004 0.77647100000000002 0.78039199999999997 0.78431399999999996 0.78823500000000002 0.792157 0.79607799999999995 0.80000000000000004 0.80392200000000003 0.80784299999999998 0.81176499999999996 0.81568600000000002 0.819608 0.82352899999999996 0.82745100000000005 0.83137300000000003 0.83529399999999998 0.83921599999999996 0.84313700000000003 0.84705900000000001 0.85097999999999996 0.85490200000000005 0.85882400000000003 0.86274499999999998 0.86666699999999997 0.87058800000000003 0.87451000000000001 0.87843099999999996 0.88235300000000005 0.88627500000000003 0.89019599999999999 0.89411799999999997 0.89803900000000003 0.90196100000000001 0.90588199999999997 0.90980399999999995 0.91372500000000001 0.91764699999999999 0.92156899999999997 0.92549000000000003 0.92941200000000002 0.93333299999999997 0.93725499999999995 0.94117600000000001 0.94509799999999999 0.94901999999999997 0.95294100000000004 0.95686300000000002 0.96078399999999997 0.96470599999999995 0.96862700000000002 0.972549 0.97647099999999998 0.98039200000000004 0.98431400000000002 0.98823499999999997 0.99215699999999996 0.99607800000000002 1)))
(GimpDeviceInfo "MOSART Semi. 2.4G Wireless Mouse"
    (icon-name "gimp-cursor")
    (name "MOSART Semi. 2.4G Wireless Mouse")
    (tool-options "GimpMoveOptions"
        (tool "gimp-move-tool"))
    (use-fg-bg no)
    (use-opacity-paint-mode no)
    (use-brush no)
    (use-dynamics no)
    (use-mypaint-brush no)
    (use-gradient no)
    (use-pattern no)
    (use-palette no)
    (use-font no)
    (mode disabled)
    (axes 4 x y pressure xtilt)
    (keys 0)
    (pressure-curve
        (curve-type smooth)
        (points 0)
        (point-types 0)
        (n-samples 256)
        (samples 256 0 0.0039215686274509803 0.0078431372549019607 0.011764705882352941 0.015686274509803921 0.019607843137254902 0.023529411764705882 0.027450980392156862 0.031372549019607843 0.035294117647058823 0.039215686274509803 0.043137254901960784 0.047058823529411764 0.050980392156862744 0.054901960784313725 0.058823529411764705 0.062745098039215685 0.066666666666666666 0.070588235294117646 0.074509803921568626 0.078431372549019607 0.082352941176470587 0.086274509803921567 0.090196078431372548 0.094117647058823528 0.098039215686274508 0.10196078431372549 0.10588235294117647 0.10980392156862745 0.11372549019607843 0.11764705882352941 0.12156862745098039 0.12549019607843137 0.12941176470588237 0.13333333333333333 0.13725490196078433 0.14117647058823529 0.14509803921568629 0.14901960784313725 0.15294117647058825 0.15686274509803921 0.16078431372549021 0.16470588235294117 0.16862745098039217 0.17254901960784313 0.17647058823529413 0.1803921568627451 0.18431372549019609 0.18823529411764706 0.19215686274509805 0.19607843137254902 0.20000000000000001 0.20392156862745098 0.20784313725490197 0.21176470588235294 0.21568627450980393 0.2196078431372549 0.22352941176470589 0.22745098039215686 0.23137254901960785 0.23529411764705882 0.23921568627450981 0.24313725490196078 0.24705882352941178 0.25098039215686274 0.25490196078431371 0.25882352941176473 0.2627450980392157 0.26666666666666666 0.27058823529411763 0.27450980392156865 0.27843137254901962 0.28235294117647058 0.28627450980392155 0.29019607843137257 0.29411764705882354 0.29803921568627451 0.30196078431372547 0.30588235294117649 0.30980392156862746 0.31372549019607843 0.31764705882352939 0.32156862745098042 0.32549019607843138 0.32941176470588235 0.33333333333333331 0.33725490196078434 0.3411764705882353 0.34509803921568627 0.34901960784313724 0.35294117647058826 0.35686274509803922 0.36078431372549019 0.36470588235294116 0.36862745098039218 0.37254901960784315 0.37647058823529411 0.38039215686274508 0.3843137254901961 0.38823529411764707 0.39215686274509803 0.396078431372549 0.40000000000000002 0.40392156862745099 0.40784313725490196 0.41176470588235292 0.41568627450980394 0.41960784313725491 0.42352941176470588 0.42745098039215684 0.43137254901960786 0.43529411764705883 0.4392156862745098 0.44313725490196076 0.44705882352941179 0.45098039215686275 0.45490196078431372 0.45882352941176469 0.46274509803921571 0.46666666666666667 0.47058823529411764 0.47450980392156861 0.47843137254901963 0.4823529411764706 0.48627450980392156 0.49019607843137253 0.49411764705882355 0.49803921568627452 0.50196078431372548 0.50588235294117645 0.50980392156862742 0.51372549019607838 0.51764705882352946 0.52156862745098043 0.52549019607843139 0.52941176470588236 0.53333333333333333 0.53725490196078429 0.54117647058823526 0.54509803921568623 0.5490196078431373 0.55294117647058827 0.55686274509803924 0.5607843137254902 0.56470588235294117 0.56862745098039214 0.5725490196078431 0.57647058823529407 0.58039215686274515 0.58431372549019611 0.58823529411764708 0.59215686274509804 0.59607843137254901 0.59999999999999998 0.60392156862745094 0.60784313725490191 0.61176470588235299 0.61568627450980395 0.61960784313725492 0.62352941176470589 0.62745098039215685 0.63137254901960782 0.63529411764705879 0.63921568627450975 0.64313725490196083 0.6470588235294118 0.65098039215686276 0.65490196078431373 0.6588235294117647 0.66274509803921566 0.66666666666666663 0.6705882352941176 0.67450980392156867 0.67843137254901964 0.68235294117647061 0.68627450980392157 0.69019607843137254 0.69411764705882351 0.69803921568627447 0.70196078431372544 0.70588235294117652 0.70980392156862748 0.71372549019607845 0.71764705882352942 0.72156862745098038 0.72549019607843135 0.72941176470588232 0.73333333333333328 0.73725490196078436 0.74117647058823533 0.74509803921568629 0.74901960784313726 0.75294117647058822 0.75686274509803919 0.76078431372549016 0.76470588235294112 0.7686274509803922 0.77254901960784317 0.77647058823529413 0.7803921568627451 0.78431372549019607 0.78823529411764703 0.792156862745098 0.79607843137254897 0.80000000000000004 0.80392156862745101 0.80784313725490198 0.81176470588235294 0.81568627450980391 0.81960784313725488 0.82352941176470584 0.82745098039215681 0.83137254901960789 0.83529411764705885 0.83921568627450982 0.84313725490196079 0.84705882352941175 0.85098039215686272 0.85490196078431369 0.85882352941176465 0.86274509803921573 0.8666666666666667 0.87058823529411766 0.87450980392156863 0.8784313725490196 0.88235294117647056 0.88627450980392153 0.8901960784313725 0.89411764705882357 0.89803921568627454 0.90196078431372551 0.90588235294117647 0.90980392156862744 0.9137254901960784 0.91764705882352937 0.92156862745098034 0.92549019607843142 0.92941176470588238 0.93333333333333335 0.93725490196078431 0.94117647058823528 0.94509803921568625 0.94901960784313721 0.95294117647058818 0.95686274509803926 0.96078431372549022 0.96470588235294119 0.96862745098039216 0.97254901960784312 0.97647058823529409 0.98039215686274506 0.98431372549019602 0.9882352941176471 0.99215686274509807 0.99607843137254903 1)))
(GimpDeviceInfo "Telink Wireless Receiver Consumer Control"
    (name "Telink Wireless Receiver Consumer Control")
    (tool-options "GimpMoveOptions"
        (tool "gimp-move-tool"))
    (use-fg-bg no)
    (use-opacity-paint-mode no)
    (use-brush no)
    (use-dynamics no)
    (use-mypaint-brush no)
    (use-gradient no)
    (use-pattern no)
    (use-palette no)
    (use-font no)
    (mode disabled)
    (axes 4 x y pressure xtilt)
    (keys 0)
    (pressure-curve
        (curve-type smooth)
        (points 0)
        (point-types 0)
        (n-samples 256)
        (samples 256 0 0.0039215686274509803 0.0078431372549019607 0.011764705882352941 0.015686274509803921 0.019607843137254902 0.023529411764705882 0.027450980392156862 0.031372549019607843 0.035294117647058823 0.039215686274509803 0.043137254901960784 0.047058823529411764 0.050980392156862744 0.054901960784313725 0.058823529411764705 0.062745098039215685 0.066666666666666666 0.070588235294117646 0.074509803921568626 0.078431372549019607 0.082352941176470587 0.086274509803921567 0.090196078431372548 0.094117647058823528 0.098039215686274508 0.10196078431372549 0.10588235294117647 0.10980392156862745 0.11372549019607843 0.11764705882352941 0.12156862745098039 0.12549019607843137 0.12941176470588237 0.13333333333333333 0.13725490196078433 0.14117647058823529 0.14509803921568629 0.14901960784313725 0.15294117647058825 0.15686274509803921 0.16078431372549021 0.16470588235294117 0.16862745098039217 0.17254901960784313 0.17647058823529413 0.1803921568627451 0.18431372549019609 0.18823529411764706 0.19215686274509805 0.19607843137254902 0.20000000000000001 0.20392156862745098 0.20784313725490197 0.21176470588235294 0.21568627450980393 0.2196078431372549 0.22352941176470589 0.22745098039215686 0.23137254901960785 0.23529411764705882 0.23921568627450981 0.24313725490196078 0.24705882352941178 0.25098039215686274 0.25490196078431371 0.25882352941176473 0.2627450980392157 0.26666666666666666 0.27058823529411763 0.27450980392156865 0.27843137254901962 0.28235294117647058 0.28627450980392155 0.29019607843137257 0.29411764705882354 0.29803921568627451 0.30196078431372547 0.30588235294117649 0.30980392156862746 0.31372549019607843 0.31764705882352939 0.32156862745098042 0.32549019607843138 0.32941176470588235 0.33333333333333331 0.33725490196078434 0.3411764705882353 0.34509803921568627 0.34901960784313724 0.35294117647058826 0.35686274509803922 0.36078431372549019 0.36470588235294116 0.36862745098039218 0.37254901960784315 0.37647058823529411 0.38039215686274508 0.3843137254901961 0.38823529411764707 0.39215686274509803 0.396078431372549 0.40000000000000002 0.40392156862745099 0.40784313725490196 0.41176470588235292 0.41568627450980394 0.41960784313725491 0.42352941176470588 0.42745098039215684 0.43137254901960786 0.43529411764705883 0.4392156862745098 0.44313725490196076 0.44705882352941179 0.45098039215686275 0.45490196078431372 0.45882352941176469 0.46274509803921571 0.46666666666666667 0.47058823529411764 0.47450980392156861 0.47843137254901963 0.4823529411764706 0.48627450980392156 0.49019607843137253 0.49411764705882355 0.49803921568627452 0.50196078431372548 0.50588235294117645 0.50980392156862742 0.51372549019607838 0.51764705882352946 0.52156862745098043 0.52549019607843139 0.52941176470588236 0.53333333333333333 0.53725490196078429 0.54117647058823526 0.54509803921568623 0.5490196078431373 0.55294117647058827 0.55686274509803924 0.5607843137254902 0.56470588235294117 0.56862745098039214 0.5725490196078431 0.57647058823529407 0.58039215686274515 0.58431372549019611 0.58823529411764708 0.59215686274509804 0.59607843137254901 0.59999999999999998 0.60392156862745094 0.60784313725490191 0.61176470588235299 0.61568627450980395 0.61960784313725492 0.62352941176470589 0.62745098039215685 0.63137254901960782 0.63529411764705879 0.63921568627450975 0.64313725490196083 0.6470588235294118 0.65098039215686276 0.65490196078431373 0.6588235294117647 0.66274509803921566 0.66666666666666663 0.6705882352941176 0.67450980392156867 0.67843137254901964 0.68235294117647061 0.68627450980392157 0.69019607843137254 0.69411764705882351 0.69803921568627447 0.70196078431372544 0.70588235294117652 0.70980392156862748 0.71372549019607845 0.71764705882352942 0.72156862745098038 0.72549019607843135 0.72941176470588232 0.73333333333333328 0.73725490196078436 0.74117647058823533 0.74509803921568629 0.74901960784313726 0.75294117647058822 0.75686274509803919 0.76078431372549016 0.76470588235294112 0.7686274509803922 0.77254901960784317 0.77647058823529413 0.7803921568627451 0.78431372549019607 0.78823529411764703 0.792156862745098 0.79607843137254897 0.80000000000000004 0.80392156862745101 0.80784313725490198 0.81176470588235294 0.81568627450980391 0.81960784313725488 0.82352941176470584 0.82745098039215681 0.83137254901960789 0.83529411764705885 0.83921568627450982 0.84313725490196079 0.84705882352941175 0.85098039215686272 0.85490196078431369 0.85882352941176465 0.86274509803921573 0.8666666666666667 0.87058823529411766 0.87450980392156863 0.8784313725490196 0.88235294117647056 0.88627450980392153 0.8901960784313725 0.89411764705882357 0.89803921568627454 0.90196078431372551 0.90588235294117647 0.90980392156862744 0.9137254901960784 0.91764705882352937 0.92156862745098034 0.92549019607843142 0.92941176470588238 0.93333333333333335 0.93725490196078431 0.94117647058823528 0.94509803921568625 0.94901960784313721 0.95294117647058818 0.95686274509803926 0.96078431372549022 0.96470588235294119 0.96862745098039216 0.97254901960784312 0.97647058823529409 0.98039215686274506 0.98431372549019602 0.9882352941176471 0.99215686274509807 0.99607843137254903 1)))
(GimpDeviceInfo "Telink Wireless Receiver Mouse"
    (icon-name "gimp-cursor")
    (name "Telink Wireless Receiver Mouse")
    (tool-options "GimpMoveOptions"
        (tool "gimp-move-tool"))
    (use-fg-bg no)
    (use-opacity-paint-mode no)
    (use-brush no)
    (use-dynamics no)
    (use-mypaint-brush no)
    (use-gradient no)
    (use-pattern no)
    (use-palette no)
    (use-font no)
    (mode disabled)
    (axes 4 x y pressure xtilt)
    (keys 0)
    (pressure-curve
        (curve-type smooth)
        (points 0)
        (point-types 0)
        (n-samples 256)
        (samples 256 0 0.0039215686274509803 0.0078431372549019607 0.011764705882352941 0.015686274509803921 0.019607843137254902 0.023529411764705882 0.027450980392156862 0.031372549019607843 0.035294117647058823 0.039215686274509803 0.043137254901960784 0.047058823529411764 0.050980392156862744 0.054901960784313725 0.058823529411764705 0.062745098039215685 0.066666666666666666 0.070588235294117646 0.074509803921568626 0.078431372549019607 0.082352941176470587 0.086274509803921567 0.090196078431372548 0.094117647058823528 0.098039215686274508 0.10196078431372549 0.10588235294117647 0.10980392156862745 0.11372549019607843 0.11764705882352941 0.12156862745098039 0.12549019607843137 0.12941176470588237 0.13333333333333333 0.13725490196078433 0.14117647058823529 0.14509803921568629 0.14901960784313725 0.15294117647058825 0.15686274509803921 0.16078431372549021 0.16470588235294117 0.16862745098039217 0.17254901960784313 0.17647058823529413 0.1803921568627451 0.18431372549019609 0.18823529411764706 0.19215686274509805 0.19607843137254902 0.20000000000000001 0.20392156862745098 0.20784313725490197 0.21176470588235294 0.21568627450980393 0.2196078431372549 0.22352941176470589 0.22745098039215686 0.23137254901960785 0.23529411764705882 0.23921568627450981 0.24313725490196078 0.24705882352941178 0.25098039215686274 0.25490196078431371 0.25882352941176473 0.2627450980392157 0.26666666666666666 0.27058823529411763 0.27450980392156865 0.27843137254901962 0.28235294117647058 0.28627450980392155 0.29019607843137257 0.29411764705882354 0.29803921568627451 0.30196078431372547 0.30588235294117649 0.30980392156862746 0.31372549019607843 0.31764705882352939 0.32156862745098042 0.32549019607843138 0.32941176470588235 0.33333333333333331 0.33725490196078434 0.3411764705882353 0.34509803921568627 0.34901960784313724 0.35294117647058826 0.35686274509803922 0.36078431372549019 0.36470588235294116 0.36862745098039218 0.37254901960784315 0.37647058823529411 0.38039215686274508 0.3843137254901961 0.38823529411764707 0.39215686274509803 0.396078431372549 0.40000000000000002 0.40392156862745099 0.40784313725490196 0.41176470588235292 0.41568627450980394 0.41960784313725491 0.42352941176470588 0.42745098039215684 0.43137254901960786 0.43529411764705883 0.4392156862745098 0.44313725490196076 0.44705882352941179 0.45098039215686275 0.45490196078431372 0.45882352941176469 0.46274509803921571 0.46666666666666667 0.47058823529411764 0.47450980392156861 0.47843137254901963 0.4823529411764706 0.48627450980392156 0.49019607843137253 0.49411764705882355 0.49803921568627452 0.50196078431372548 0.50588235294117645 0.50980392156862742 0.51372549019607838 0.51764705882352946 0.52156862745098043 0.52549019607843139 0.52941176470588236 0.53333333333333333 0.53725490196078429 0.54117647058823526 0.54509803921568623 0.5490196078431373 0.55294117647058827 0.55686274509803924 0.5607843137254902 0.56470588235294117 0.56862745098039214 0.5725490196078431 0.57647058823529407 0.58039215686274515 0.58431372549019611 0.58823529411764708 0.59215686274509804 0.59607843137254901 0.59999999999999998 0.60392156862745094 0.60784313725490191 0.61176470588235299 0.61568627450980395 0.61960784313725492 0.62352941176470589 0.62745098039215685 0.63137254901960782 0.63529411764705879 0.63921568627450975 0.64313725490196083 0.6470588235294118 0.65098039215686276 0.65490196078431373 0.6588235294117647 0.66274509803921566 0.66666666666666663 0.6705882352941176 0.67450980392156867 0.67843137254901964 0.68235294117647061 0.68627450980392157 0.69019607843137254 0.69411764705882351 0.69803921568627447 0.70196078431372544 0.70588235294117652 0.70980392156862748 0.71372549019607845 0.71764705882352942 0.72156862745098038 0.72549019607843135 0.72941176470588232 0.73333333333333328 0.73725490196078436 0.74117647058823533 0.74509803921568629 0.74901960784313726 0.75294117647058822 0.75686274509803919 0.76078431372549016 0.76470588235294112 0.7686274509803922 0.77254901960784317 0.77647058823529413 0.7803921568627451 0.78431372549019607 0.78823529411764703 0.792156862745098 0.79607843137254897 0.80000000000000004 0.80392156862745101 0.80784313725490198 0.81176470588235294 0.81568627450980391 0.81960784313725488 0.82352941176470584 0.82745098039215681 0.83137254901960789 0.83529411764705885 0.83921568627450982 0.84313725490196079 0.84705882352941175 0.85098039215686272 0.85490196078431369 0.85882352941176465 0.86274509803921573 0.8666666666666667 0.87058823529411766 0.87450980392156863 0.8784313725490196 0.88235294117647056 0.88627450980392153 0.8901960784313725 0.89411764705882357 0.89803921568627454 0.90196078431372551 0.90588235294117647 0.90980392156862744 0.9137254901960784 0.91764705882352937 0.92156862745098034 0.92549019607843142 0.92941176470588238 0.93333333333333335 0.93725490196078431 0.94117647058823528 0.94509803921568625 0.94901960784313721 0.95294117647058818 0.95686274509803926 0.96078431372549022 0.96470588235294119 0.96862745098039216 0.97254901960784312 0.97647058823529409 0.98039215686274506 0.98431372549019602 0.9882352941176471 0.99215686274509807 0.99607843137254903 1)))
(GimpDeviceInfo "Virtual core XTEST pointer"
    (icon-name "gimp-cursor")
    (name "Virtual core XTEST pointer")
    (tool-options "GimpBucketFillOptions"
        (tool "gimp-bucket-fill-tool")
        (foreground (color-rgb 1 1 1))
        (background (color-rgb 0 0 0))
        (pattern "Pine")
        (brush-size 51)
        (brush-hardness 0.5))
    (use-fg-bg yes)
    (use-opacity-paint-mode no)
    (use-brush no)
    (use-dynamics no)
    (use-mypaint-brush no)
    (use-gradient no)
    (use-pattern yes)
    (use-palette no)
    (use-font no)
    (mode disabled)
    (axes 2 x y)
    (keys 0)
    (pressure-curve
        (curve-type smooth)
        (points 4 0 0 1 1)
        (point-types 2 smooth smooth)
        (n-samples 256)
        (samples 256 0 0.0039220000000000001 0.0078429999999999993 0.011764999999999999 0.015685999999999999 0.019608 0.023529000000000001 0.027451 0.031372999999999998 0.035293999999999999 0.039216000000000001 0.043137000000000002 0.047058999999999997 0.050979999999999998 0.054901999999999999 0.058824000000000001 0.062744999999999995 0.066667000000000004 0.070587999999999998 0.074510000000000007 0.078431000000000001 0.082352999999999996 0.086275000000000004 0.090195999999999998 0.094117999999999993 0.098039000000000001 0.101961 0.105882 0.109804 0.11372500000000001 0.117647 0.121569 0.12548999999999999 0.129412 0.13333300000000001 0.13725499999999999 0.141176 0.145098 0.14902000000000001 0.15294099999999999 0.156863 0.16078400000000001 0.16470599999999999 0.168627 0.17254900000000001 0.17647099999999999 0.180392 0.18431400000000001 0.18823500000000001 0.19215699999999999 0.196078 0.20000000000000001 0.20392199999999999 0.207843 0.21176500000000001 0.21568599999999999 0.219608 0.22352900000000001 0.22745099999999999 0.231373 0.235294 0.23921600000000001 0.24313699999999999 0.247059 0.25097999999999998 0.25490200000000002 0.258824 0.26274500000000001 0.26666699999999999 0.270588 0.27450999999999998 0.27843099999999998 0.28235300000000002 0.286275 0.29019600000000001 0.29411799999999999 0.298039 0.30196099999999998 0.30588199999999999 0.30980400000000002 0.31372499999999998 0.31764700000000001 0.32156899999999999 0.32549 0.32941199999999998 0.33333299999999999 0.33725500000000003 0.34117599999999998 0.34509800000000002 0.34902 0.352941 0.35686299999999999 0.36078399999999999 0.36470599999999997 0.36862699999999998 0.37254900000000002 0.376471 0.38039200000000001 0.38431399999999999 0.388235 0.39215699999999998 0.39607799999999999 0.40000000000000002 0.403922 0.40784300000000001 0.41176499999999999 0.415686 0.41960799999999998 0.42352899999999999 0.42745100000000003 0.43137300000000001 0.43529400000000001 0.439216 0.443137 0.44705899999999998 0.45097999999999999 0.45490199999999997 0.45882400000000001 0.46274500000000002 0.466667 0.47058800000000001 0.47450999999999999 0.478431 0.48235299999999998 0.48627500000000001 0.49019600000000002 0.494118 0.49803900000000001 0.50196099999999999 0.50588200000000005 0.50980400000000003 0.51372499999999999 0.51764699999999997 0.52156899999999995 0.52549000000000001 0.52941199999999999 0.53333299999999995 0.53725500000000004 0.54117599999999999 0.54509799999999997 0.54901999999999995 0.55294100000000002 0.556863 0.56078399999999995 0.56470600000000004 0.56862699999999999 0.57254899999999997 0.57647099999999996 0.58039200000000002 0.584314 0.58823499999999995 0.59215700000000004 0.596078 0.59999999999999998 0.60392199999999996 0.60784300000000002 0.611765 0.61568599999999996 0.61960800000000005 0.623529 0.62745099999999998 0.63137299999999996 0.63529400000000003 0.63921600000000001 0.64313699999999996 0.64705900000000005 0.65098 0.65490199999999998 0.65882399999999997 0.66274500000000003 0.66666700000000001 0.67058799999999996 0.67451000000000005 0.67843100000000001 0.68235299999999999 0.68627499999999997 0.69019600000000003 0.69411800000000001 0.69803899999999997 0.70196099999999995 0.70588200000000001 0.70980399999999999 0.71372500000000005 0.71764700000000003 0.72156900000000002 0.72548999999999997 0.72941199999999995 0.73333300000000001 0.73725499999999999 0.74117599999999995 0.74509800000000004 0.74902000000000002 0.75294099999999997 0.75686299999999995 0.76078400000000002 0.764706 0.76862699999999995 0.77254900000000004 0.77647100000000002 0.78039199999999997 0.78431399999999996 0.78823500000000002 0.792157 0.79607799999999995 0.80000000000000004 0.80392200000000003 0.80784299999999998 0.81176499999999996 0.81568600000000002 0.819608 0.82352899999999996 0.82745100000000005 0.83137300000000003 0.83529399999999998 0.83921599999999996 0.84313700000000003 0.84705900000000001 0.85097999999999996 0.85490200000000005 0.85882400000000003 0.86274499999999998 0.86666699999999997 0.87058800000000003 0.87451000000000001 0.87843099999999996 0.88235300000000005 0.88627500000000003 0.89019599999999999 0.89411799999999997 0.89803900000000003 0.90196100000000001 0.90588199999999997 0.90980399999999995 0.91372500000000001 0.91764699999999999 0.92156899999999997 0.92549000000000003 0.92941200000000002 0.93333299999999997 0.93725499999999995 0.94117600000000001 0.94509799999999999 0.94901999999999997 0.95294100000000004 0.95686300000000002 0.96078399999999997 0.96470599999999995 0.96862700000000002 0.972549 0.97647099999999998 0.98039200000000004 0.98431400000000002 0.98823499999999997 0.99215699999999996 0.99607800000000002 1)))
(GimpDeviceInfo "COMPANY USB Device"
    (name "COMPANY USB Device")
    (tool-options "GimpBucketFillOptions"
        (tool "gimp-bucket-fill-tool")
        (foreground (color-rgb 1 1 1))
        (background (color-rgb 0 0 0))
        (pattern "Pine")
        (brush-size 51)
        (brush-hardness 0.5))
    (use-fg-bg yes)
    (use-opacity-paint-mode no)
    (use-brush no)
    (use-dynamics no)
    (use-mypaint-brush no)
    (use-gradient no)
    (use-pattern yes)
    (use-palette no)
    (use-font no)
    (mode disabled)
    (axes 4 x y pressure xtilt)
    (keys 0)
    (pressure-curve
        (curve-type smooth)
        (points 4 0 0 1 1)
        (point-types 2 smooth smooth)
        (n-samples 256)
        (samples 256 0 0.0039220000000000001 0.0078429999999999993 0.011764999999999999 0.015685999999999999 0.019608 0.023529000000000001 0.027451 0.031372999999999998 0.035293999999999999 0.039216000000000001 0.043137000000000002 0.047058999999999997 0.050979999999999998 0.054901999999999999 0.058824000000000001 0.062744999999999995 0.066667000000000004 0.070587999999999998 0.074510000000000007 0.078431000000000001 0.082352999999999996 0.086275000000000004 0.090195999999999998 0.094117999999999993 0.098039000000000001 0.101961 0.105882 0.109804 0.11372500000000001 0.117647 0.121569 0.12548999999999999 0.129412 0.13333300000000001 0.13725499999999999 0.141176 0.145098 0.14902000000000001 0.15294099999999999 0.156863 0.16078400000000001 0.16470599999999999 0.168627 0.17254900000000001 0.17647099999999999 0.180392 0.18431400000000001 0.18823500000000001 0.19215699999999999 0.196078 0.20000000000000001 0.20392199999999999 0.207843 0.21176500000000001 0.21568599999999999 0.219608 0.22352900000000001 0.22745099999999999 0.231373 0.235294 0.23921600000000001 0.24313699999999999 0.247059 0.25097999999999998 0.25490200000000002 0.258824 0.26274500000000001 0.26666699999999999 0.270588 0.27450999999999998 0.27843099999999998 0.28235300000000002 0.286275 0.29019600000000001 0.29411799999999999 0.298039 0.30196099999999998 0.30588199999999999 0.30980400000000002 0.31372499999999998 0.31764700000000001 0.32156899999999999 0.32549 0.32941199999999998 0.33333299999999999 0.33725500000000003 0.34117599999999998 0.34509800000000002 0.34902 0.352941 0.35686299999999999 0.36078399999999999 0.36470599999999997 0.36862699999999998 0.37254900000000002 0.376471 0.38039200000000001 0.38431399999999999 0.388235 0.39215699999999998 0.39607799999999999 0.40000000000000002 0.403922 0.40784300000000001 0.41176499999999999 0.415686 0.41960799999999998 0.42352899999999999 0.42745100000000003 0.43137300000000001 0.43529400000000001 0.439216 0.443137 0.44705899999999998 0.45097999999999999 0.45490199999999997 0.45882400000000001 0.46274500000000002 0.466667 0.47058800000000001 0.47450999999999999 0.478431 0.48235299999999998 0.48627500000000001 0.49019600000000002 0.494118 0.49803900000000001 0.50196099999999999 0.50588200000000005 0.50980400000000003 0.51372499999999999 0.51764699999999997 0.52156899999999995 0.52549000000000001 0.52941199999999999 0.53333299999999995 0.53725500000000004 0.54117599999999999 0.54509799999999997 0.54901999999999995 0.55294100000000002 0.556863 0.56078399999999995 0.56470600000000004 0.56862699999999999 0.57254899999999997 0.57647099999999996 0.58039200000000002 0.584314 0.58823499999999995 0.59215700000000004 0.596078 0.59999999999999998 0.60392199999999996 0.60784300000000002 0.611765 0.61568599999999996 0.61960800000000005 0.623529 0.62745099999999998 0.63137299999999996 0.63529400000000003 0.63921600000000001 0.64313699999999996 0.64705900000000005 0.65098 0.65490199999999998 0.65882399999999997 0.66274500000000003 0.66666700000000001 0.67058799999999996 0.67451000000000005 0.67843100000000001 0.68235299999999999 0.68627499999999997 0.69019600000000003 0.69411800000000001 0.69803899999999997 0.70196099999999995 0.70588200000000001 0.70980399999999999 0.71372500000000005 0.71764700000000003 0.72156900000000002 0.72548999999999997 0.72941199999999995 0.73333300000000001 0.73725499999999999 0.74117599999999995 0.74509800000000004 0.74902000000000002 0.75294099999999997 0.75686299999999995 0.76078400000000002 0.764706 0.76862699999999995 0.77254900000000004 0.77647100000000002 0.78039199999999997 0.78431399999999996 0.78823500000000002 0.792157 0.79607799999999995 0.80000000000000004 0.80392200000000003 0.80784299999999998 0.81176499999999996 0.81568600000000002 0.819608 0.82352899999999996 0.82745100000000005 0.83137300000000003 0.83529399999999998 0.83921599999999996 0.84313700000000003 0.84705900000000001 0.85097999999999996 0.85490200000000005 0.85882400000000003 0.86274499999999998 0.86666699999999997 0.87058800000000003 0.87451000000000001 0.87843099999999996 0.88235300000000005 0.88627500000000003 0.89019599999999999 0.89411799999999997 0.89803900000000003 0.90196100000000001 0.90588199999999997 0.90980399999999995 0.91372500000000001 0.91764699999999999 0.92156899999999997 0.92549000000000003 0.92941200000000002 0.93333299999999997 0.93725499999999995 0.94117600000000001 0.94509799999999999 0.94901999999999997 0.95294100000000004 0.95686300000000002 0.96078399999999997 0.96470599999999995 0.96862700000000002 0.972549 0.97647099999999998 0.98039200000000004 0.98431400000000002 0.98823499999999997 0.99215699999999996 0.99607800000000002 1)))
(GimpDeviceInfo "COMPANY USB Device Consumer Control"
    (name "COMPANY USB Device Consumer Control")
    (tool-options "GimpBucketFillOptions"
        (tool "gimp-bucket-fill-tool")
        (foreground (color-rgb 1 1 1))
        (background (color-rgb 0 0 0))
        (pattern "Pine")
        (brush-size 51)
        (brush-hardness 0.5))
    (use-fg-bg yes)
    (use-opacity-paint-mode no)
    (use-brush no)
    (use-dynamics no)
    (use-mypaint-brush no)
    (use-gradient no)
    (use-pattern yes)
    (use-palette no)
    (use-font no)
    (mode disabled)
    (axes 4 x y pressure xtilt)
    (keys 0)
    (pressure-curve
        (curve-type smooth)
        (points 4 0 0 1 1)
        (point-types 2 smooth smooth)
        (n-samples 256)
        (samples 256 0 0.0039220000000000001 0.0078429999999999993 0.011764999999999999 0.015685999999999999 0.019608 0.023529000000000001 0.027451 0.031372999999999998 0.035293999999999999 0.039216000000000001 0.043137000000000002 0.047058999999999997 0.050979999999999998 0.054901999999999999 0.058824000000000001 0.062744999999999995 0.066667000000000004 0.070587999999999998 0.074510000000000007 0.078431000000000001 0.082352999999999996 0.086275000000000004 0.090195999999999998 0.094117999999999993 0.098039000000000001 0.101961 0.105882 0.109804 0.11372500000000001 0.117647 0.121569 0.12548999999999999 0.129412 0.13333300000000001 0.13725499999999999 0.141176 0.145098 0.14902000000000001 0.15294099999999999 0.156863 0.16078400000000001 0.16470599999999999 0.168627 0.17254900000000001 0.17647099999999999 0.180392 0.18431400000000001 0.18823500000000001 0.19215699999999999 0.196078 0.20000000000000001 0.20392199999999999 0.207843 0.21176500000000001 0.21568599999999999 0.219608 0.22352900000000001 0.22745099999999999 0.231373 0.235294 0.23921600000000001 0.24313699999999999 0.247059 0.25097999999999998 0.25490200000000002 0.258824 0.26274500000000001 0.26666699999999999 0.270588 0.27450999999999998 0.27843099999999998 0.28235300000000002 0.286275 0.29019600000000001 0.29411799999999999 0.298039 0.30196099999999998 0.30588199999999999 0.30980400000000002 0.31372499999999998 0.31764700000000001 0.32156899999999999 0.32549 0.32941199999999998 0.33333299999999999 0.33725500000000003 0.34117599999999998 0.34509800000000002 0.34902 0.352941 0.35686299999999999 0.36078399999999999 0.36470599999999997 0.36862699999999998 0.37254900000000002 0.376471 0.38039200000000001 0.38431399999999999 0.388235 0.39215699999999998 0.39607799999999999 0.40000000000000002 0.403922 0.40784300000000001 0.41176499999999999 0.415686 0.41960799999999998 0.42352899999999999 0.42745100000000003 0.43137300000000001 0.43529400000000001 0.439216 0.443137 0.44705899999999998 0.45097999999999999 0.45490199999999997 0.45882400000000001 0.46274500000000002 0.466667 0.47058800000000001 0.47450999999999999 0.478431 0.48235299999999998 0.48627500000000001 0.49019600000000002 0.494118 0.49803900000000001 0.50196099999999999 0.50588200000000005 0.50980400000000003 0.51372499999999999 0.51764699999999997 0.52156899999999995 0.52549000000000001 0.52941199999999999 0.53333299999999995 0.53725500000000004 0.54117599999999999 0.54509799999999997 0.54901999999999995 0.55294100000000002 0.556863 0.56078399999999995 0.56470600000000004 0.56862699999999999 0.57254899999999997 0.57647099999999996 0.58039200000000002 0.584314 0.58823499999999995 0.59215700000000004 0.596078 0.59999999999999998 0.60392199999999996 0.60784300000000002 0.611765 0.61568599999999996 0.61960800000000005 0.623529 0.62745099999999998 0.63137299999999996 0.63529400000000003 0.63921600000000001 0.64313699999999996 0.64705900000000005 0.65098 0.65490199999999998 0.65882399999999997 0.66274500000000003 0.66666700000000001 0.67058799999999996 0.67451000000000005 0.67843100000000001 0.68235299999999999 0.68627499999999997 0.69019600000000003 0.69411800000000001 0.69803899999999997 0.70196099999999995 0.70588200000000001 0.70980399999999999 0.71372500000000005 0.71764700000000003 0.72156900000000002 0.72548999999999997 0.72941199999999995 0.73333300000000001 0.73725499999999999 0.74117599999999995 0.74509800000000004 0.74902000000000002 0.75294099999999997 0.75686299999999995 0.76078400000000002 0.764706 0.76862699999999995 0.77254900000000004 0.77647100000000002 0.78039199999999997 0.78431399999999996 0.78823500000000002 0.792157 0.79607799999999995 0.80000000000000004 0.80392200000000003 0.80784299999999998 0.81176499999999996 0.81568600000000002 0.819608 0.82352899999999996 0.82745100000000005 0.83137300000000003 0.83529399999999998 0.83921599999999996 0.84313700000000003 0.84705900000000001 0.85097999999999996 0.85490200000000005 0.85882400000000003 0.86274499999999998 0.86666699999999997 0.87058800000000003 0.87451000000000001 0.87843099999999996 0.88235300000000005 0.88627500000000003 0.89019599999999999 0.89411799999999997 0.89803900000000003 0.90196100000000001 0.90588199999999997 0.90980399999999995 0.91372500000000001 0.91764699999999999 0.92156899999999997 0.92549000000000003 0.92941200000000002 0.93333299999999997 0.93725499999999995 0.94117600000000001 0.94509799999999999 0.94901999999999997 0.95294100000000004 0.95686300000000002 0.96078399999999997 0.96470599999999995 0.96862700000000002 0.972549 0.97647099999999998 0.98039200000000004 0.98431400000000002 0.98823499999999997 0.99215699999999996 0.99607800000000002 1)))
(GimpDeviceInfo "Manticore Manticore Gaming Keyboard"
    (name "Manticore Manticore Gaming Keyboard")
    (tool-options "GimpBucketFillOptions"
        (tool "gimp-bucket-fill-tool")
        (foreground (color-rgb 1 1 1))
        (background (color-rgb 0 0 0))
        (pattern "Pine")
        (brush-size 51)
        (brush-hardness 0.5))
    (use-fg-bg yes)
    (use-opacity-paint-mode no)
    (use-brush no)
    (use-dynamics no)
    (use-mypaint-brush no)
    (use-gradient no)
    (use-pattern yes)
    (use-palette no)
    (use-font no)
    (mode disabled)
    (axes 4 x y pressure xtilt)
    (keys 0)
    (pressure-curve
        (curve-type smooth)
        (points 4 0 0 1 1)
        (point-types 2 smooth smooth)
        (n-samples 256)
        (samples 256 0 0.0039220000000000001 0.0078429999999999993 0.011764999999999999 0.015685999999999999 0.019608 0.023529000000000001 0.027451 0.031372999999999998 0.035293999999999999 0.039216000000000001 0.043137000000000002 0.047058999999999997 0.050979999999999998 0.054901999999999999 0.058824000000000001 0.062744999999999995 0.066667000000000004 0.070587999999999998 0.074510000000000007 0.078431000000000001 0.082352999999999996 0.086275000000000004 0.090195999999999998 0.094117999999999993 0.098039000000000001 0.101961 0.105882 0.109804 0.11372500000000001 0.117647 0.121569 0.12548999999999999 0.129412 0.13333300000000001 0.13725499999999999 0.141176 0.145098 0.14902000000000001 0.15294099999999999 0.156863 0.16078400000000001 0.16470599999999999 0.168627 0.17254900000000001 0.17647099999999999 0.180392 0.18431400000000001 0.18823500000000001 0.19215699999999999 0.196078 0.20000000000000001 0.20392199999999999 0.207843 0.21176500000000001 0.21568599999999999 0.219608 0.22352900000000001 0.22745099999999999 0.231373 0.235294 0.23921600000000001 0.24313699999999999 0.247059 0.25097999999999998 0.25490200000000002 0.258824 0.26274500000000001 0.26666699999999999 0.270588 0.27450999999999998 0.27843099999999998 0.28235300000000002 0.286275 0.29019600000000001 0.29411799999999999 0.298039 0.30196099999999998 0.30588199999999999 0.30980400000000002 0.31372499999999998 0.31764700000000001 0.32156899999999999 0.32549 0.32941199999999998 0.33333299999999999 0.33725500000000003 0.34117599999999998 0.34509800000000002 0.34902 0.352941 0.35686299999999999 0.36078399999999999 0.36470599999999997 0.36862699999999998 0.37254900000000002 0.376471 0.38039200000000001 0.38431399999999999 0.388235 0.39215699999999998 0.39607799999999999 0.40000000000000002 0.403922 0.40784300000000001 0.41176499999999999 0.415686 0.41960799999999998 0.42352899999999999 0.42745100000000003 0.43137300000000001 0.43529400000000001 0.439216 0.443137 0.44705899999999998 0.45097999999999999 0.45490199999999997 0.45882400000000001 0.46274500000000002 0.466667 0.47058800000000001 0.47450999999999999 0.478431 0.48235299999999998 0.48627500000000001 0.49019600000000002 0.494118 0.49803900000000001 0.50196099999999999 0.50588200000000005 0.50980400000000003 0.51372499999999999 0.51764699999999997 0.52156899999999995 0.52549000000000001 0.52941199999999999 0.53333299999999995 0.53725500000000004 0.54117599999999999 0.54509799999999997 0.54901999999999995 0.55294100000000002 0.556863 0.56078399999999995 0.56470600000000004 0.56862699999999999 0.57254899999999997 0.57647099999999996 0.58039200000000002 0.584314 0.58823499999999995 0.59215700000000004 0.596078 0.59999999999999998 0.60392199999999996 0.60784300000000002 0.611765 0.61568599999999996 0.61960800000000005 0.623529 0.62745099999999998 0.63137299999999996 0.63529400000000003 0.63921600000000001 0.64313699999999996 0.64705900000000005 0.65098 0.65490199999999998 0.65882399999999997 0.66274500000000003 0.66666700000000001 0.67058799999999996 0.67451000000000005 0.67843100000000001 0.68235299999999999 0.68627499999999997 0.69019600000000003 0.69411800000000001 0.69803899999999997 0.70196099999999995 0.70588200000000001 0.70980399999999999 0.71372500000000005 0.71764700000000003 0.72156900000000002 0.72548999999999997 0.72941199999999995 0.73333300000000001 0.73725499999999999 0.74117599999999995 0.74509800000000004 0.74902000000000002 0.75294099999999997 0.75686299999999995 0.76078400000000002 0.764706 0.76862699999999995 0.77254900000000004 0.77647100000000002 0.78039199999999997 0.78431399999999996 0.78823500000000002 0.792157 0.79607799999999995 0.80000000000000004 0.80392200000000003 0.80784299999999998 0.81176499999999996 0.81568600000000002 0.819608 0.82352899999999996 0.82745100000000005 0.83137300000000003 0.83529399999999998 0.83921599999999996 0.84313700000000003 0.84705900000000001 0.85097999999999996 0.85490200000000005 0.85882400000000003 0.86274499999999998 0.86666699999999997 0.87058800000000003 0.87451000000000001 0.87843099999999996 0.88235300000000005 0.88627500000000003 0.89019599999999999 0.89411799999999997 0.89803900000000003 0.90196100000000001 0.90588199999999997 0.90980399999999995 0.91372500000000001 0.91764699999999999 0.92156899999999997 0.92549000000000003 0.92941200000000002 0.93333299999999997 0.93725499999999995 0.94117600000000001 0.94509799999999999 0.94901999999999997 0.95294100000000004 0.95686300000000002 0.96078399999999997 0.96470599999999995 0.96862700000000002 0.972549 0.97647099999999998 0.98039200000000004 0.98431400000000002 0.98823499999999997 0.99215699999999996 0.99607800000000002 1)))
(GimpDeviceInfo "SynPS/2 Synaptics TouchPad"
    (icon-name "gimp-cursor")
    (name "SynPS/2 Synaptics TouchPad")
    (tool-options "GimpTransformGridOptions"
        (tool "gimp-unified-transform-tool")
        (background (color-rgb 0 0 0))
        (interpolation linear))
    (use-fg-bg yes)
    (use-opacity-paint-mode no)
    (use-brush no)
    (use-dynamics no)
    (use-mypaint-brush no)
    (use-gradient no)
    (use-pattern no)
    (use-palette no)
    (use-font no)
    (mode disabled)
    (axes 4 x y pressure xtilt)
    (keys 0)
    (pressure-curve
        (curve-type smooth)
        (points 4 0 0 1 1)
        (point-types 2 smooth smooth)
        (n-samples 256)
        (samples 256 0 0.0039220000000000001 0.0078429999999999993 0.011764999999999999 0.015685999999999999 0.019608 0.023529000000000001 0.027451 0.031372999999999998 0.035293999999999999 0.039216000000000001 0.043137000000000002 0.047058999999999997 0.050979999999999998 0.054901999999999999 0.058824000000000001 0.062744999999999995 0.066667000000000004 0.070587999999999998 0.074510000000000007 0.078431000000000001 0.082352999999999996 0.086275000000000004 0.090195999999999998 0.094117999999999993 0.098039000000000001 0.101961 0.105882 0.109804 0.11372500000000001 0.117647 0.121569 0.12548999999999999 0.129412 0.13333300000000001 0.13725499999999999 0.141176 0.145098 0.14902000000000001 0.15294099999999999 0.156863 0.16078400000000001 0.16470599999999999 0.168627 0.17254900000000001 0.17647099999999999 0.180392 0.18431400000000001 0.18823500000000001 0.19215699999999999 0.196078 0.20000000000000001 0.20392199999999999 0.207843 0.21176500000000001 0.21568599999999999 0.219608 0.22352900000000001 0.22745099999999999 0.231373 0.235294 0.23921600000000001 0.24313699999999999 0.247059 0.25097999999999998 0.25490200000000002 0.258824 0.26274500000000001 0.26666699999999999 0.270588 0.27450999999999998 0.27843099999999998 0.28235300000000002 0.286275 0.29019600000000001 0.29411799999999999 0.298039 0.30196099999999998 0.30588199999999999 0.30980400000000002 0.31372499999999998 0.31764700000000001 0.32156899999999999 0.32549 0.32941199999999998 0.33333299999999999 0.33725500000000003 0.34117599999999998 0.34509800000000002 0.34902 0.352941 0.35686299999999999 0.36078399999999999 0.36470599999999997 0.36862699999999998 0.37254900000000002 0.376471 0.38039200000000001 0.38431399999999999 0.388235 0.39215699999999998 0.39607799999999999 0.40000000000000002 0.403922 0.40784300000000001 0.41176499999999999 0.415686 0.41960799999999998 0.42352899999999999 0.42745100000000003 0.43137300000000001 0.43529400000000001 0.439216 0.443137 0.44705899999999998 0.45097999999999999 0.45490199999999997 0.45882400000000001 0.46274500000000002 0.466667 0.47058800000000001 0.47450999999999999 0.478431 0.48235299999999998 0.48627500000000001 0.49019600000000002 0.494118 0.49803900000000001 0.50196099999999999 0.50588200000000005 0.50980400000000003 0.51372499999999999 0.51764699999999997 0.52156899999999995 0.52549000000000001 0.52941199999999999 0.53333299999999995 0.53725500000000004 0.54117599999999999 0.54509799999999997 0.54901999999999995 0.55294100000000002 0.556863 0.56078399999999995 0.56470600000000004 0.56862699999999999 0.57254899999999997 0.57647099999999996 0.58039200000000002 0.584314 0.58823499999999995 0.59215700000000004 0.596078 0.59999999999999998 0.60392199999999996 0.60784300000000002 0.611765 0.61568599999999996 0.61960800000000005 0.623529 0.62745099999999998 0.63137299999999996 0.63529400000000003 0.63921600000000001 0.64313699999999996 0.64705900000000005 0.65098 0.65490199999999998 0.65882399999999997 0.66274500000000003 0.66666700000000001 0.67058799999999996 0.67451000000000005 0.67843100000000001 0.68235299999999999 0.68627499999999997 0.69019600000000003 0.69411800000000001 0.69803899999999997 0.70196099999999995 0.70588200000000001 0.70980399999999999 0.71372500000000005 0.71764700000000003 0.72156900000000002 0.72548999999999997 0.72941199999999995 0.73333300000000001 0.73725499999999999 0.74117599999999995 0.74509800000000004 0.74902000000000002 0.75294099999999997 0.75686299999999995 0.76078400000000002 0.764706 0.76862699999999995 0.77254900000000004 0.77647100000000002 0.78039199999999997 0.78431399999999996 0.78823500000000002 0.792157 0.79607799999999995 0.80000000000000004 0.80392200000000003 0.80784299999999998 0.81176499999999996 0.81568600000000002 0.819608 0.82352899999999996 0.82745100000000005 0.83137300000000003 0.83529399999999998 0.83921599999999996 0.84313700000000003 0.84705900000000001 0.85097999999999996 0.85490200000000005 0.85882400000000003 0.86274499999999998 0.86666699999999997 0.87058800000000003 0.87451000000000001 0.87843099999999996 0.88235300000000005 0.88627500000000003 0.89019599999999999 0.89411799999999997 0.89803900000000003 0.90196100000000001 0.90588199999999997 0.90980399999999995 0.91372500000000001 0.91764699999999999 0.92156899999999997 0.92549000000000003 0.92941200000000002 0.93333299999999997 0.93725499999999995 0.94117600000000001 0.94509799999999999 0.94901999999999997 0.95294100000000004 0.95686300000000002 0.96078399999999997 0.96470599999999995 0.96862700000000002 0.972549 0.97647099999999998 0.98039200000000004 0.98431400000000002 0.98823499999999997 0.99215699999999996 0.99607800000000002 1)))
(GimpDeviceInfo "TPPS/2 IBM TrackPoint"
    (icon-name "gimp-cursor")
    (name "TPPS/2 IBM TrackPoint")
    (tool-options "GimpTransformGridOptions"
        (tool "gimp-unified-transform-tool")
        (background (color-rgb 0 0 0))
        (interpolation linear))
    (use-fg-bg yes)
    (use-opacity-paint-mode no)
    (use-brush no)
    (use-dynamics no)
    (use-mypaint-brush no)
    (use-gradient no)
    (use-pattern no)
    (use-palette no)
    (use-font no)
    (mode disabled)
    (axes 4 x y pressure xtilt)
    (keys 0)
    (pressure-curve
        (curve-type smooth)
        (points 4 0 0 1 1)
        (point-types 2 smooth smooth)
        (n-samples 256)
        (samples 256 0 0.0039220000000000001 0.0078429999999999993 0.011764999999999999 0.015685999999999999 0.019608 0.023529000000000001 0.027451 0.031372999999999998 0.035293999999999999 0.039216000000000001 0.043137000000000002 0.047058999999999997 0.050979999999999998 0.054901999999999999 0.058824000000000001 0.062744999999999995 0.066667000000000004 0.070587999999999998 0.074510000000000007 0.078431000000000001 0.082352999999999996 0.086275000000000004 0.090195999999999998 0.094117999999999993 0.098039000000000001 0.101961 0.105882 0.109804 0.11372500000000001 0.117647 0.121569 0.12548999999999999 0.129412 0.13333300000000001 0.13725499999999999 0.141176 0.145098 0.14902000000000001 0.15294099999999999 0.156863 0.16078400000000001 0.16470599999999999 0.168627 0.17254900000000001 0.17647099999999999 0.180392 0.18431400000000001 0.18823500000000001 0.19215699999999999 0.196078 0.20000000000000001 0.20392199999999999 0.207843 0.21176500000000001 0.21568599999999999 0.219608 0.22352900000000001 0.22745099999999999 0.231373 0.235294 0.23921600000000001 0.24313699999999999 0.247059 0.25097999999999998 0.25490200000000002 0.258824 0.26274500000000001 0.26666699999999999 0.270588 0.27450999999999998 0.27843099999999998 0.28235300000000002 0.286275 0.29019600000000001 0.29411799999999999 0.298039 0.30196099999999998 0.30588199999999999 0.30980400000000002 0.31372499999999998 0.31764700000000001 0.32156899999999999 0.32549 0.32941199999999998 0.33333299999999999 0.33725500000000003 0.34117599999999998 0.34509800000000002 0.34902 0.352941 0.35686299999999999 0.36078399999999999 0.36470599999999997 0.36862699999999998 0.37254900000000002 0.376471 0.38039200000000001 0.38431399999999999 0.388235 0.39215699999999998 0.39607799999999999 0.40000000000000002 0.403922 0.40784300000000001 0.41176499999999999 0.415686 0.41960799999999998 0.42352899999999999 0.42745100000000003 0.43137300000000001 0.43529400000000001 0.439216 0.443137 0.44705899999999998 0.45097999999999999 0.45490199999999997 0.45882400000000001 0.46274500000000002 0.466667 0.47058800000000001 0.47450999999999999 0.478431 0.48235299999999998 0.48627500000000001 0.49019600000000002 0.494118 0.49803900000000001 0.50196099999999999 0.50588200000000005 0.50980400000000003 0.51372499999999999 0.51764699999999997 0.52156899999999995 0.52549000000000001 0.52941199999999999 0.53333299999999995 0.53725500000000004 0.54117599999999999 0.54509799999999997 0.54901999999999995 0.55294100000000002 0.556863 0.56078399999999995 0.56470600000000004 0.56862699999999999 0.57254899999999997 0.57647099999999996 0.58039200000000002 0.584314 0.58823499999999995 0.59215700000000004 0.596078 0.59999999999999998 0.60392199999999996 0.60784300000000002 0.611765 0.61568599999999996 0.61960800000000005 0.623529 0.62745099999999998 0.63137299999999996 0.63529400000000003 0.63921600000000001 0.64313699999999996 0.64705900000000005 0.65098 0.65490199999999998 0.65882399999999997 0.66274500000000003 0.66666700000000001 0.67058799999999996 0.67451000000000005 0.67843100000000001 0.68235299999999999 0.68627499999999997 0.69019600000000003 0.69411800000000001 0.69803899999999997 0.70196099999999995 0.70588200000000001 0.70980399999999999 0.71372500000000005 0.71764700000000003 0.72156900000000002 0.72548999999999997 0.72941199999999995 0.73333300000000001 0.73725499999999999 0.74117599999999995 0.74509800000000004 0.74902000000000002 0.75294099999999997 0.75686299999999995 0.76078400000000002 0.764706 0.76862699999999995 0.77254900000000004 0.77647100000000002 0.78039199999999997 0.78431399999999996 0.78823500000000002 0.792157 0.79607799999999995 0.80000000000000004 0.80392200000000003 0.80784299999999998 0.81176499999999996 0.81568600000000002 0.819608 0.82352899999999996 0.82745100000000005 0.83137300000000003 0.83529399999999998 0.83921599999999996 0.84313700000000003 0.84705900000000001 0.85097999999999996 0.85490200000000005 0.85882400000000003 0.86274499999999998 0.86666699999999997 0.87058800000000003 0.87451000000000001 0.87843099999999996 0.88235300000000005 0.88627500000000003 0.89019599999999999 0.89411799999999997 0.89803900000000003 0.90196100000000001 0.90588199999999997 0.90980399999999995 0.91372500000000001 0.91764699999999999 0.92156899999999997 0.92549000000000003 0.92941200000000002 0.93333299999999997 0.93725499999999995 0.94117600000000001 0.94509799999999999 0.94901999999999997 0.95294100000000004 0.95686300000000002 0.96078399999999997 0.96470599999999995 0.96862700000000002 0.972549 0.97647099999999998 0.98039200000000004 0.98431400000000002 0.98823499999999997 0.99215699999999996 0.99607800000000002 1)))
(GimpDeviceInfo "Wacom One by Wacom M Pen eraser"
    (icon-name "gimp-tool-eraser")
    (name "Wacom One by Wacom M Pen eraser")
    (tool-options "GimpEraserOptions"
        (tool "gimp-eraser-tool")
        (foreground (color-rgb 1 1 1))
        (background (color-rgb 0 0 0))
        (brush "Standard")
        (dynamics "Dynamics Off")
        (palette "Default")
        (brush-size 11)
        (brush-spacing 0.20000000000000001)
        (brush-hardness 0.5))
    (use-fg-bg yes)
    (use-opacity-paint-mode yes)
    (use-brush no)
    (use-dynamics no)
    (use-mypaint-brush no)
    (use-gradient no)
    (use-pattern no)
    (use-palette no)
    (use-font no)
    (mode screen)
    (axes 6 x y pressure xtilt ytilt wheel)
    (keys 248 "" "" "" "" "" "" "" "" "" "" "" "" "" "" "" "" "" "" "" "" "" "" "" "" "" "" "" "" "" "" "" "" "" "" "" "" "" "" "" "" "" "" "" "" "" "" "" "" "" "" "" "" "" "" "" "" "" "" "" "" "" "" "" "" "" "" "" "" "" "" "" "" "" "" "" "" "" "" "" "" "" "" "" "" "" "" "" "" "" "" "" "" "" "" "" "" "" "" "" "" "" "" "" "" "" "" "" "" "" "" "" "" "" "" "" "" "" "" "" "" "" "" "" "" "" "" "" "" "" "" "" "" "" "" "" "" "" "" "" "" "" "" "" "" "" "" "" "" "" "" "" "" "" "" "" "" "" "" "" "" "" "" "" "" "" "" "" "" "" "" "" "" "" "" "" "" "" "" "" "" "" "" "" "" "" "" "" "" "" "" "" "" "" "" "" "" "" "" "" "" "" "" "" "" "" "" "" "" "" "" "" "" "" "" "" "" "" "" "" "" "" "" "" "" "" "" "" "" "" "" "" "" "" "" "" "" "" "" "" "" "" "" "" "" "" "" "" "")
    (pressure-curve
        (curve-type smooth)
        (points 6 0 0 0.45519700000000002 0.52571400000000001 1 1)
        (point-types 3 smooth smooth smooth)
        (n-samples 256)
        (samples 256 0 0.0048329999999999996 0.009665 0.014498 0.01933 0.024160999999999998 0.028992 0.033821999999999998 0.038650999999999998 0.043478999999999997 0.048306000000000002 0.053130999999999998 0.057955 0.062776999999999999 0.067598000000000005 0.072415999999999994 0.077232999999999996 0.082046999999999995 0.086860000000000007 0.091669 0.096476000000000006 0.101281 0.106082 0.11088099999999999 0.115676 0.12046900000000001 0.12525800000000001 0.13004299999999999 0.134825 0.139602 0.144376 0.149146 0.15391199999999999 0.15867300000000001 0.16342999999999999 0.168183 0.17293 0.177673 0.18241099999999999 0.187143 0.19187100000000001 0.19659299999999999 0.20130899999999999 0.20602000000000001 0.21072399999999999 0.215423 0.22011600000000001 0.224803 0.22948299999999999 0.234157 0.23882400000000001 0.24348400000000001 0.248138 0.25278400000000001 0.25742300000000001 0.26205499999999998 0.26667999999999997 0.27129700000000001 0.27590599999999998 0.28050700000000001 0.28510099999999999 0.289686 0.294263 0.29883100000000001 0.303392 0.30794300000000002 0.31248599999999999 0.317019 0.321544 0.32606000000000002 0.33056600000000003 0.33506200000000003 0.33954899999999999 0.34402700000000003 0.34849400000000003 0.35295199999999999 0.35739900000000002 0.36183599999999999 0.36626300000000001 0.37067899999999998 0.37508399999999997 0.37947900000000001 0.38386199999999998 0.388235 0.392596 0.39694600000000002 0.40128399999999997 0.405611 0.40992600000000001 0.41422900000000001 0.41852 0.42279899999999998 0.427066 0.43131999999999998 0.43556099999999998 0.43979000000000001 0.44400600000000001 0.44820900000000002 0.452399 0.45657599999999998 0.46073900000000001 0.464889 0.46902500000000003 0.47314699999999998 0.47725499999999998 0.48135 0.48542999999999997 0.48949500000000001 0.49354599999999998 0.497583 0.50160499999999997 0.50561199999999995 0.50960399999999995 0.51358099999999995 0.51754199999999995 0.52148799999999995 0.52571400000000001 0.52963000000000005 0.53353600000000001 0.53742999999999996 0.54131399999999996 0.54518699999999998 0.54904900000000001 0.55290099999999998 0.55674299999999999 0.56057400000000002 0.56439499999999998 0.56820599999999999 0.57200700000000004 0.575797 0.57957800000000004 0.58334900000000001 0.58711000000000002 0.590862 0.59460400000000002 0.59833599999999998 0.60205900000000001 0.60577199999999998 0.60947600000000002 0.61317100000000002 0.61685699999999999 0.62053400000000003 0.62420100000000001 0.62785999999999997 0.63151000000000002 0.63515100000000002 0.63878400000000002 0.64240799999999998 0.64602300000000001 0.64963000000000004 0.65322899999999995 0.65681900000000004 0.66040100000000002 0.66397499999999998 0.66754100000000005 0.67110000000000003 0.67464999999999997 0.67819200000000002 0.68172699999999997 0.68525400000000003 0.68877299999999997 0.69228500000000004 0.69578899999999999 0.69928699999999999 0.70277699999999999 0.70625899999999997 0.709735 0.71320399999999995 0.716665 0.72011999999999998 0.72356799999999999 0.72701000000000005 0.73044399999999998 0.733873 0.737294 0.74070999999999998 0.74411899999999997 0.74752200000000002 0.75091799999999997 0.75430900000000001 0.75769299999999995 0.76107199999999997 0.76444500000000004 0.76781200000000005 0.77117400000000003 0.77452900000000002 0.77788000000000002 0.78122499999999995 0.78456400000000004 0.78789799999999999 0.79122700000000001 0.79455100000000001 0.79786999999999997 0.80118400000000001 0.80449300000000001 0.80779699999999999 0.81109699999999996 0.814392 0.81768200000000002 0.82096800000000003 0.82424900000000001 0.82752599999999998 0.83079899999999995 0.83406800000000003 0.83733199999999997 0.84059300000000003 0.84384899999999996 0.84710200000000002 0.85035099999999997 0.85359600000000002 0.85683699999999996 0.86007599999999995 0.86331000000000002 0.86654100000000001 0.86976900000000001 0.87299400000000005 0.87621499999999997 0.87943400000000005 0.88264900000000002 0.88586200000000004 0.88907099999999994 0.89227800000000002 0.89548300000000003 0.89868400000000004 0.90188299999999999 0.90508 0.90827400000000003 0.911466 0.91465600000000002 0.91784399999999999 0.92103000000000002 0.92421299999999995 0.92739499999999997 0.93057500000000004 0.93375399999999997 0.93693000000000004 0.94010499999999997 0.94327899999999998 0.94645100000000004 0.94962199999999997 0.95279100000000005 0.95596000000000003 0.95912699999999995 0.96229299999999995 0.96545899999999996 0.96862300000000001 0.97178699999999996 0.97494999999999998 0.97811199999999998 0.98127399999999998 0.98443499999999995 0.98759600000000003 0.990757 0.99391700000000005 0.99707800000000002 1)))
(GimpDeviceInfo "Wacom One by Wacom M Pen stylus"
    (icon-name "gimp-tool-paintbrush")
    (name "Wacom One by Wacom M Pen stylus")
    (tool-options "GimpPaintOptions"
        (tool "gimp-paintbrush-tool")
        (foreground (color-rgb 1 0 0))
        (background (color-rgb 0.58823499999999995 0.50196099999999999 0.45097999999999999))
        (brush "2. Hardness 075")
        (dynamics "Dynamics Off")
        (gradient "Custom")
        (palette "Default")
        (brush-size 27)
        (brush-spacing 0.01)
        (brush-force 1))
    (use-fg-bg yes)
    (use-opacity-paint-mode yes)
    (use-brush yes)
    (use-dynamics yes)
    (use-mypaint-brush no)
    (use-gradient yes)
    (use-pattern no)
    (use-palette yes)
    (use-font no)
    (mode screen)
    (axes 6 x y pressure xtilt ytilt wheel)
    (keys 248 "" "" "" "" "" "" "" "" "" "" "" "" "" "" "" "" "" "" "" "" "" "" "" "" "" "" "" "" "" "" "" "" "" "" "" "" "" "" "" "" "" "" "" "" "" "" "" "" "" "" "" "" "" "" "" "" "" "" "" "" "" "" "" "" "" "" "" "" "" "" "" "" "" "" "" "" "" "" "" "" "" "" "" "" "" "" "" "" "" "" "" "" "" "" "" "" "" "" "" "" "" "" "" "" "" "" "" "" "" "" "" "" "" "" "" "" "" "" "" "" "" "" "" "" "" "" "" "" "" "" "" "" "" "" "" "" "" "" "" "" "" "" "" "" "" "" "" "" "" "" "" "" "" "" "" "" "" "" "" "" "" "" "" "" "" "" "" "" "" "" "" "" "" "" "" "" "" "" "" "" "" "" "" "" "" "" "" "" "" "" "" "" "" "" "" "" "" "" "" "" "" "" "" "" "" "" "" "" "" "" "" "" "" "" "" "" "" "" "" "" "" "" "" "" "" "" "" "" "" "" "" "" "" "" "" "" "" "" "" "" "" "" "" "" "" "" "" "")
    (pressure-curve
        (curve-type smooth)
        (points 6 0 0 0.45519700000000002 0.52285700000000002 1 1)
        (point-types 3 smooth smooth smooth)
        (n-samples 256)
        (samples 256 0 0.0047959999999999999 0.0095919999999999998 0.014387 0.019182000000000001 0.023976999999999998 0.028771000000000001 0.033563999999999997 0.038356000000000001 0.043146999999999998 0.047938000000000001 0.052726000000000002 0.057514000000000003 0.062299 0.067083000000000004 0.071865999999999999 0.076646000000000006 0.081423999999999996 0.086199999999999999 0.090973999999999999 0.095744999999999997 0.10051400000000001 0.10528 0.110043 0.114803 0.11956 0.12431399999999999 0.12906400000000001 0.13381100000000001 0.13855400000000001 0.143293 0.14802899999999999 0.15276000000000001 0.15748799999999999 0.16221099999999999 0.16693 0.17164399999999999 0.17635300000000001 0.181058 0.18575800000000001 0.19045200000000001 0.19514200000000001 0.199826 0.20450499999999999 0.209178 0.21384500000000001 0.21850700000000001 0.223162 0.22781199999999999 0.23245499999999999 0.237092 0.24172199999999999 0.24634600000000001 0.25096299999999999 0.25557299999999999 0.26017600000000002 0.26477200000000001 0.26936100000000002 0.27394299999999999 0.27851599999999999 0.28308299999999997 0.28764099999999998 0.29219099999999998 0.296734 0.30126799999999998 0.30579400000000001 0.310311 0.31481999999999999 0.31932100000000002 0.32381199999999999 0.328295 0.33276800000000001 0.33723199999999998 0.34168700000000002 0.346132 0.35056799999999999 0.35499399999999998 0.35941000000000001 0.36381599999999997 0.36821199999999998 0.37259799999999998 0.376973 0.38133800000000001 0.38569199999999998 0.39003599999999999 0.394368 0.39868999999999999 0.40300000000000002 0.40729900000000002 0.41158699999999998 0.41586299999999998 0.420128 0.42437999999999998 0.42862099999999997 0.43284899999999998 0.43706600000000001 0.44127 0.445461 0.44963999999999998 0.45380700000000002 0.45795999999999998 0.46210099999999998 0.46622799999999998 0.47034199999999998 0.474443 0.47853000000000001 0.48260399999999998 0.48666399999999999 0.49070999999999998 0.49474200000000002 0.49875900000000001 0.50276299999999996 0.50675199999999998 0.51072700000000004 0.51468700000000001 0.51863199999999998 0.52285700000000002 0.52677300000000005 0.53067900000000001 0.53457500000000002 0.53846000000000005 0.54233500000000001 0.54620000000000002 0.55005499999999996 0.55389999999999995 0.55773499999999998 0.56155999999999995 0.56537499999999996 0.56918100000000005 0.57297699999999996 0.57676300000000003 0.58053999999999994 0.58430800000000005 0.58806599999999998 0.59181499999999998 0.59555499999999995 0.59928599999999999 0.60300799999999999 0.60672099999999995 0.610425 0.61412 0.617807 0.62148499999999995 0.62515399999999999 0.62881500000000001 0.63246800000000003 0.63611200000000001 0.63974799999999998 0.64337599999999995 0.64699600000000002 0.65060799999999996 0.65421099999999999 0.65780700000000003 0.66139499999999996 0.66497600000000001 0.66854899999999995 0.67211399999999999 0.67567100000000002 0.67922199999999999 0.68276499999999996 0.68630000000000002 0.68982900000000003 0.69335000000000002 0.69686499999999996 0.70037199999999999 0.70387299999999997 0.70736600000000005 0.71085299999999996 0.71433400000000002 0.71780699999999997 0.721275 0.72473600000000005 0.72819 0.73163800000000001 0.73507999999999996 0.73851599999999995 0.74194599999999999 0.74536999999999998 0.74878800000000001 0.75219999999999998 0.755606 0.75900699999999999 0.76240200000000002 0.765791 0.76917599999999997 0.77255399999999996 0.77592799999999995 0.77929599999999999 0.78265899999999999 0.78601699999999997 0.78937000000000002 0.79271800000000003 0.79606200000000005 0.7994 0.80273399999999995 0.80606299999999997 0.809388 0.81270799999999999 0.81602399999999997 0.81933599999999995 0.82264300000000001 0.82594599999999996 0.82924500000000001 0.83253999999999995 0.83583099999999999 0.83911899999999995 0.84240199999999998 0.84568200000000004 0.84895799999999999 0.85223099999999996 0.85550000000000004 0.85876600000000003 0.86202800000000002 0.86528700000000003 0.86854299999999995 0.87179600000000002 0.87504599999999999 0.87829299999999999 0.88153700000000002 0.88477799999999995 0.88801699999999995 0.89125299999999996 0.894486 0.89771699999999999 0.900945 0.90417099999999995 0.90739499999999995 0.91061700000000001 0.91383599999999998 0.91705400000000004 0.920269 0.92348300000000005 0.92669500000000005 0.92990499999999998 0.93311299999999997 0.93632000000000004 0.93952500000000005 0.94272900000000004 0.945932 0.949133 0.95233299999999999 0.95553200000000005 0.95872999999999997 0.96192599999999995 0.96512200000000004 0.96831800000000001 0.97151200000000004 0.97470599999999996 0.97789899999999996 0.98109100000000005 0.98428400000000005 0.98747499999999999 0.99066699999999996 0.99385800000000002 0.99704899999999996 1)))

# end of devicerc
